14 27
0 0 0 1 1 0 1 1 0 0 0 1 0 1
1 0 0 1 1 0 0 1 1 0 1 1 1 1
0 1 0 1 0 1 1 1 1 0 0 0 1 0
1 0 1 1 1 0 1 0 0 1 1 1 1 0
0 0 1 0 1 1 0 1 0 0 0 1 1 1
1 1 1 1 0 1 1 1 1 0 0 1 0 0
1 1 1 1 1 0 1 0 1 1 0 1 1 1
0 0 0 0 0 1 1 0 0 1 1 1 1 0
1 1 0 0 0 1 1 1 1 1 0 0 1 0
1 0 0 1 1 0 0 1 0 0 1 0 1 1
1 1 1 1 1 1 1 1 1 0 1 1 1 1
0 0 1 1 1 0 1 0 0 1 1 1 1 1
0 1 1 1 0 0 1 1 0 0 0 0 0 1
0 0 1 0 0 1 1 1 1 1 1 1 1 0
14 4
4 14
2 3
3 3
13 12
14 1
1 3
8 8
5 7
14 5
1 9
8 5
7 6
8 9
2 7
1 11
3 11
9 5
5 10
9 14
4 9
6 13
1 10
12 8
12 1
13 10
9 12
