16 7 500
7 0 2 3 0 8 7 7 6 1 4 6 10 3 9 9
10 10 9 3 6 3 7 2 10 1 0 6 9 7 2 7
10 7 3 4 6 6 1 3 4 5 9 7 5 0 4 3
7 2 5 3 7 0 0 2 1 8 6 1 2 0 7 6
9 3 0 2 10 1 2 5 6 2 7 7 0 0 1 6
1 5 2 10 1 4 8 8 3 5 3 4 2 6 7 0
3 2 2 9 9 7 8 5 4 3 6 8 0 8 0 5
7 9 3 10 2 2 2 0 0 7 5 1 7 10 10 10
0 0 2 5 2 0 3 1 1 8 8 4 1 3 1 0
8 1 2 0 0 0 1 9 10 9 4 3 5 4 0 9
6 7 3 6 6 3 5 8 6 3 0 2 4 5 3 0
5 0 3 6 3 1 0 0 7 4 5 0 4 6 9 0
10 9 5 4 6 4 7 2 10 5 10 2 1 6 3 9
1 0 3 8 2 1 0 3 2 1 6 9 8 6 2 8
1 7 4 3 1 3 7 0 6 6 5 0 8 5 3 9
5 5 10 10 0 7 7 0 2 2 0 6 7 6 7 3
10 4 2 2
12 16 0 13
8 8 1 3
15 8 1 5
4 14 0 19
12 7 3 9
11 16 2 17
